1.008521
0.285626
0.264931
0.154363
0.099844
0.085304
0.044127
0.007019
0.022008
0.011378
0.013451
0.002872
0.054526
0.001880
0.000656
0.000651
0.000596
0.000778
0.000633
0.000785
0.100479
0.001895
0.001122
0.000150
0.000416
0.000261
0.000046
0.006022
0.000354
0.037709
0.001780
0.091144
0.000496
0.001295
0.000343
0.002634
0.001853
0.000792
0.000539
0.006616
0.000065
0.000083
0.000919
0.008695
0.018813
0.000096
0.000571
0.000095
0.035741
0.000139
0.000794
0.000053
0.031200
0.006457
0.000054
0.000075
0.000041
0.000060
0.000038
0.000143
0.000120
0.000656
0.003024
0.060468
0.001263
0.049825
0.012097
0.000104
0.000062
0.000019
0.000052
0.000170
0.000038
0.000293
0.000042
0.004064
0.077476
0.000079
0.000663
0.000021
0.000006
0.000099
0.004214
0.000014
0.000021
0.109666
0.000221
0.000069
0.000150
0.000186
0.000423
0.000069
0.000138
0.000030
0.000062
0.005756
0.000360
0.005510
0.000340
0.002704
0.085151
0.000033
0.000011
0.043105
0.000046
0.000033
0.000428
0.000088
0.000170
0.001371
0.000060
0.049852
0.000070
0.000053
0.000121
0.000064
0.000673
0.000017
0.000072
0.000023
0.000046
0.000024
0.064081
0.000076
0.005905
0.099434
0.000046
0.000066
0.000433
0.000466
0.000165
0.003780
0.000007
0.000028
0.000044
0.000154
0.000060
0.000801
0.000025
0.000160
0.000077
0.000557
0.000019
0.008690
0.000024
0.000058
0.000044
0.000103
0.000037
0.000047
0.076413
0.000058
0.000010
0.000123
0.000063
0.000086
0.000201
0.000166
0.000109
0.000075
0.000009
0.000049
0.000037
0.000046
0.000075
0.000031
0.021565
0.000045
0.000091
0.000335
0.000040
0.000036
0.000397
0.000026
0.000046
0.000035
0.000049
0.000032
0.000032
0.000229
0.000010
0.000111
0.000027
0.000324
0.000006
0.000035
0.000030
0.000039
0.000060
0.000018
0.000030
0.000006
0.000233
0.000151
0.000108
0.054314
0.000119
0.000025
0.000107
0.000033
0.000061
0.000020
0.000099
0.000007
0.000046
0.000016
0.000081
0.000060
0.000244
0.000003
0.000017
0.007283
0.000078
0.000022
0.000061
0.077809
0.002742
0.001947
0.005045
0.001161
0.000212
0.000018
0.000038
0.000032
0.000009
0.000404
0.000026
0.089066
0.000019
0.000029
0.000016
0.000003
0.000092
0.000020
0.000019
0.000035
0.051182
0.000041
0.000074
0.000008
0.000045
0.000092
0.006175
0.000017
0.000022
0.000027
-nan
-nan
-nan
-nan
-nan
-nan
-nan
-nan
-nan
-nan
-nan
-nan
-nan
-nan
-nan
1.350374
0.385584
0.233392
0.107956
0.152229
0.119561
0.101950
0.058218
0.087734
0.011428
0.089995
0.078306
0.050719
0.011326
0.067169
0.042739
0.039247
0.137200
0.032268
0.063781
0.119539
0.133378
0.148704
0.098085
0.095902
0.164464
0.069667
0.143409
0.096198
0.157439
0.075222
0.111693
0.209915
0.161309
0.099993
0.161891
0.052065
2.010001
0.391437
0.283220
0.209985
0.118566
0.122108
0.200653
0.067704
0.128733
0.099985
0.061666
0.026323
0.109589
0.075675
0.070220
0.017824
0.023408
0.055197
0.070134
0.095481
0.077049
0.099130
0.087088
0.084775
0.050035
0.156581
0.183801
0.133031
1.267492
0.311188
0.173354
-nan
-nan
-nan
-nan
-nan
-nan
-nan
-nan
-nan
-nan
-nan
-nan
-nan
-nan
-nan
-nan
-nan
-nan
-nan
-nan
-nan
-nan
-nan
-nan
-nan
-nan
-nan
-nan
-nan
-nan
-nan
-nan
-nan
-nan
-nan
-nan
-nan
-nan
-nan
-nan
-nan
-nan
-nan
-nan
-nan
-nan
-nan
-nan
-nan
-nan
-nan
-nan
-nan
-nan
-nan
-nan
-nan
11.068448
1.467214
1.004565
0.500463
0.447274
0.500874
0.454913
0.501454
0.454479
0.495393
0.502453
0.451974
0.389214
0.501773
0.492614
0.407630
0.506095
0.501101
0.501570
0.403297
0.501860
0.354971
0.502257
0.502176
0.451409
0.451532
0.351345
0.450514
0.405687
0.451777
0.401599
0.500618
0.401395
0.458223
0.500956
0.400588
0.401010
0.450880
0.451081
0.450679
0.450604
0.449909
0.500736
0.401963
0.500215
0.452889
0.500558
0.500445
0.401730
0.451360
0.449886
0.450524
0.405209
0.450971
0.450576
0.497845
3.442253
0.332302
0.176221
0.243254
0.207856
0.053359
0.087944
0.070061
0.051196
0.050218
0.131470
0.058506
0.046558
0.054692
0.017945
0.023737
0.021877
0.014103
0.037811
0.013625
0.016424
0.046243
0.108754
0.014032
0.069995
0.065951
0.016192
0.057553
0.082116
0.046291
0.089223
0.136857
0.135354
0.072426
0.146253
-nan
-nan
-nan
-nan
-nan
-nan
-nan
-nan
-nan
-nan
-nan
-nan
-nan
-nan
-nan
-nan
-nan
-nan
-nan
-nan
-nan
-nan
-nan
-nan
-nan
-nan
-nan
-nan
-nan
0.910882
0.245216
0.085248
0.203193
0.101272
0.135520
12.527019
2.505241
1.796358
15.777826
2.034755
0.741192
0.596626
0.529538
0.505482
0.503462
0.516191
0.501993
0.557567
0.497479
0.501381
0.471883
0.516463
1.105066
0.190939
0.148045
0.150896
0.138756
0.084421
0.043570
0.043908
0.123533
0.024470
0.047920
0.027092
0.016632
0.033043
-nan
-nan
-nan
-nan
-nan
-nan
1.137499
0.530979
0.174760
0.040330
0.246275
0.054721
-nan
-nan
-nan
-nan
-nan
-nan
3.714043
0.281788
0.058487
0.111783
0.179671
0.095994
0.054192
0.166838
0.060295
0.011263
0.017158
0.037030
0.007875
0.023212
0.004463
0.057380
0.003269
0.001208
0.047657
0.009349
0.005511
0.024493
0.027969
0.007244
0.004894
0.003925
0.019688
0.004620
0.006489
0.001391
0.006606
0.001893
0.002818
0.051304
0.010920
0.003677
0.002179
0.000667
0.010938
0.001762
0.002482
0.012745
0.004351
0.001612
0.007093
0.004940
0.012570
0.003979
0.003585
0.003080
0.002943
0.053632
0.009509
0.005866
0.005580
0.050972
0.002936
0.053498
0.002996
0.009424
0.006598
0.035959
0.002721
0.001708
0.002698
0.019291
0.001800
0.054745
0.003304
0.007387
0.008528
0.051840
0.003174
0.003775
0.005883
0.001985
0.003324
0.001298
0.003183
0.004151
2.200040
0.696729
0.396743
0.551922
0.368978
0.300898
0.339278
0.249404
0.199258
0.097813
0.153448
0.216326
12.076151
0.986770
0.875147
1.000250
1.003260
0.898208
1.000212
0.950951
1.001220
1.001029
0.952170
1.001369
1.000999
0.998507
0.900114
0.997195
0.998112
0.851766
0.955388
0.952591
1.001194
1.000392
1.002794
0.998372
0.951387
0.898529
0.956687
0.994365
0.952360
0.905635
0.953795
0.999251
0.952128
0.854789
1.000228
0.950667
1.000577
1.000271
0.951910
1.004037
0.950047
1.000983
0.951525
0.901695
0.905381
0.950434
0.902727
0.954655
0.952872
0.864181
0.903297
0.950266
0.853670
0.997745
1.000837
0.453507
2.155082
1.035946
0.515482
0.728994
0.327996
0.538754
0.279144
0.256949
0.280258
0.233128
0.213322
0.223783
0.229746
0.170900
0.092448
0.195280
0.118632
0.145533
0.038471
0.106574
0.067464
0.058566
0.020582
0.034264
0.176958
0.111461
0.013998
0.054891
0.023400
0.061027
0.015035
0.004774
0.014689
0.100415
0.009769
0.012497
0.006101
0.015686
0.005359
0.009495
0.008156
0.002874
0.003908
0.010640
0.004317
0.006308
0.002627
0.007273
0.005984
0.008506
0.007154
0.104123
0.006340
0.005673
0.004441
0.026083
0.004980
0.001803
0.003695
0.004999
0.010115
0.002190
0.016183
0.003996
0.005606
0.001861
0.007336
0.002934
0.002441
0.005772
0.012372
0.013693
0.010100
0.002864
0.000384
0.004530
0.001065
0.010719
0.001020
0.004497
0.007370
0.001342
0.006138
0.000118
0.003295
0.009356
0.002406
0.002927
0.004693
0.000016
0.002467
0.001405
0.002792
0.001634
0.003663
0.000632
0.004531
0.001659
0.421427
0.001896
0.002520
0.001245
0.003001
0.001373
0.004645
0.001104
0.003623
0.005366
0.497906
0.412153
0.164677
0.000776
0.061031
0.038406
0.007059
0.001422
0.077726
0.001778
0.007151
0.000067
0.026303
0.223853
0.444806
0.015600
0.038887
0.479689
0.095017
0.000047
0.025602
0.000681
0.000531
0.001381
0.005295
0.012765
0.028597
0.000226
0.001082
0.003807
0.053161
0.026512
0.004550
0.015256
0.000627
0.000088
0.000424
0.000917
0.002901
0.000095
0.047239
0.325306
0.000029
0.048156
0.380024
0.000230
0.058967
0.120473
0.000913
0.004422
0.001893
0.000552
0.000416
0.000202
0.000078
0.000442
0.003680
0.000247
0.000609
0.000633
0.000353
0.093886
0.000273
0.003517
0.041742
0.004902
0.000012
0.500297
0.007831
0.001288
0.000028
0.000082
0.002206
0.000232
0.018925
0.000146
0.058982
0.002433
0.001456
0.047742
0.004878
0.000600
0.009241
0.002331
0.000409
0.000064
0.001820
0.043036
0.026765
0.254941
0.028766
0.000110
0.015508
0.035170
0.028507
0.000200
0.000485
0.000219
0.005433
0.000730
0.000368
0.001314
0.000070
0.496318
0.000126
0.006152
0.000447
0.001628
0.001124
0.147756
0.001246
0.011869
0.054899
0.000820
0.002792
0.000941
0.000408
0.000035
0.000867
0.004487
0.002305
0.000186
0.000039
0.000283
0.000435
0.000048
0.013755
0.000228
0.000880
0.000115
0.015516
0.001576
0.005527
0.002880
0.004143
0.004394
0.001947
0.002069
0.000184
0.006532
0.000030
0.000060
0.034441
0.000158
0.030202
0.000007
0.078636
0.000040
0.000142
0.000172
0.076689
0.000200
0.000522
0.087670
0.002894
0.009977
0.010612
0.001859
0.009041
0.000002
0.024794
0.017421
0.004104
0.004202
0.083483
0.007977
0.002960
0.000293
0.000840
0.000262
0.019562
0.068634
0.000003
0.001831
0.003846
0.000215
0.000202
0.001494
0.004328
0.000287
0.001596
0.000152
0.006117
0.023018
0.000076
0.020606
0.000155
0.000049
0.017203
0.000342
0.000026
0.000248
0.000756
0.001009
0.000019
0.000272
0.007193
0.000013
0.000041
0.000111
0.000642
0.000199
0.000065
0.005978
0.005015
0.000157
0.004080
0.000573
0.000229
0.000023
0.000243
0.005598
0.000440
0.000040
0.000031
0.011680
0.026053
0.021538
0.468523
0.021392
0.917667
0.000577
0.018278
0.000264
0.000435
0.467258
0.017437
0.021592
0.000285
0.007549
0.049641
0.002036
0.000881
0.000464
0.000308
0.000293
0.000685
0.007605
0.006455
0.000013
0.021149
0.001800
0.002314
0.000060
0.000026
0.023196
0.011624
0.019521
0.002420
0.004674
0.000037
0.000585
0.000004
0.001697
0.001751
0.000013
0.002433
0.003422
0.015494
0.019364
0.002535
0.007673
0.000036
0.001508
0.004514
0.000089
0.000121
0.005666
0.518230
0.000050
0.012855
0.000348
0.000655
0.001089
0.000909
0.014250
0.000141
0.000140
0.006661
0.000008
0.000103
0.000123
0.000234
0.000980
0.003514
0.008372
0.000094
0.001133
0.005195
0.010687
0.000002
0.000426
0.003992
0.014219
0.001699
0.000078
0.000056
0.009329
0.000026
0.017043
0.000012
0.007942
0.004199
0.001834
0.000108
0.021434
0.000032
0.000054
0.031128
0.018996
0.000745
0.002061
0.000040
0.003432
0.003523
0.000015
0.000215
0.000425
0.003972
