1.009019
0.415688
0.378049
0.014534
0.159107
0.056628
0.028737
0.033089
0.118926
0.047516
0.009721
0.019225
0.037117
0.004900
0.000960
0.007763
0.046812
0.004235
0.004443
0.000689
0.001099
0.000233
0.014077
0.000154
0.000241
0.000484
0.001128
0.000293
0.000102
0.095849
0.001341
0.001188
0.000092
0.000075
0.000417
0.003351
0.000815
0.000128
0.014021
0.003389
0.000092
0.000114
0.000707
0.003556
0.001354
0.001478
0.002681
0.000225
0.000354
0.006594
0.000025
0.000743
0.000045
0.096995
0.000298
0.000108
0.000041
0.000392
0.000093
0.000059
0.000021
0.099955
0.000126
0.000248
0.000111
0.000270
0.000287
0.000039
0.000120
0.000272
0.000076
0.000023
0.000019
0.000021
0.000104
0.018598
0.000040
0.095337
0.000188
0.000310
0.001894
0.000108
0.000076
0.000754
0.001269
0.000032
0.000979
0.000306
0.000129
0.000106
0.000024
0.000113
0.003242
0.000082
0.000438
0.000120
0.000384
0.000170
0.000054
0.000073
0.000005
0.000053
0.000025
0.000127
0.000021
0.000399
0.000064
0.001025
0.000073
0.005732
0.000139
0.000131
0.000081
0.003637
0.000090
0.000022
0.000195
0.000760
0.000057
0.009778
0.000033
0.000009
0.000007
0.000059
0.000026
0.000059
0.000094
0.000678
0.000151
0.000479
0.000020
0.000094
0.000023
0.000007
0.000280
0.000098
0.000032
0.000015
0.000047
0.000029
0.000197
0.000045
0.000419
0.000049
0.034134
0.000043
0.000599
0.000040
0.000021
0.000215
0.002581
0.000169
0.000042
0.000112
0.000022
0.019074
0.000035
0.000051
0.000098
0.000112
0.001538
0.000113
0.000023
0.000281
0.000159
0.000046
0.000060
0.026484
0.000023
0.000017
0.000034
0.000079
0.000152
0.000010
0.000031
0.000195
0.000136
0.000011
0.000031
0.000051
0.000197
0.000024
0.000290
0.000268
0.000007
0.042049
0.000015
0.000032
0.000032
0.000090
0.000031
0.000018
0.000011
0.000010
0.011061
0.000010
0.000110
0.000012
0.000029
0.000393
0.029506
0.000163
0.000036
0.000031
0.000012
0.000033
0.000165
0.000010
0.000054
0.000069
0.000531
0.022738
0.000023
0.000064
0.000011
0.000203
0.000061
0.000069
0.000041
0.000022
0.000004
0.012363
0.000173
0.003355
0.000038
0.000020
0.000017
0.000030
0.000056
0.000048
0.000011
0.000108
0.000015
0.000005
0.000024
0.081858
0.000004
0.000017
0.000117
0.002232
0.000008
0.000014
0.000114
0.000051
0.000011
0.000049
-nan
-nan
-nan
-nan
-nan
-nan
-nan
-nan
-nan
-nan
-nan
-nan
-nan
-nan
-nan
1.447306
0.277584
0.175060
0.132874
0.205925
0.020884
0.069298
0.084856
0.106457
0.063199
0.018891
0.031201
0.019075
0.010391
0.009143
0.077164
0.033302
0.067047
0.032232
0.056619
0.242845
0.094416
0.127983
0.082945
0.095394
0.053883
0.088557
0.111617
0.138793
0.108726
0.171073
0.050716
0.057663
0.064941
0.100797
0.084962
0.079974
1.914552
0.250851
0.255548
0.190539
0.114357
0.153052
0.101361
0.129543
0.061657
0.067905
0.050254
0.081566
0.065707
0.055070
0.150610
0.126721
0.045396
0.065465
0.070781
0.046168
0.136821
0.229911
0.079654
0.084461
0.080461
0.141305
0.244856
0.100360
1.141532
0.246872
0.142873
-nan
-nan
-nan
-nan
-nan
-nan
-nan
-nan
-nan
-nan
-nan
-nan
-nan
-nan
-nan
-nan
-nan
-nan
-nan
-nan
-nan
-nan
-nan
-nan
-nan
-nan
-nan
-nan
-nan
-nan
-nan
-nan
-nan
-nan
-nan
-nan
-nan
-nan
-nan
-nan
-nan
-nan
-nan
-nan
-nan
-nan
-nan
-nan
-nan
-nan
-nan
-nan
-nan
-nan
-nan
-nan
-nan
11.198587
1.453531
1.001053
0.511167
0.453549
0.475647
0.498443
0.501498
0.440096
0.456429
0.503352
0.501030
0.409588
0.455093
0.454060
0.398916
0.455730
0.501026
0.452515
0.358583
0.412965
0.456333
0.406973
0.304965
0.500718
0.451634
0.402002
0.451881
0.500781
0.450371
0.451019
0.402323
0.450715
0.450912
0.401089
0.449889
0.409743
0.401180
0.500171
0.450756
0.401380
0.450377
0.402143
0.353938
0.400978
0.404122
0.220799
0.500954
0.500058
0.500733
0.500051
0.352377
0.400802
0.402954
0.354991
0.500138
3.321500
0.076232
0.080122
0.128259
0.064888
0.157863
0.032111
0.019889
0.118196
0.020928
0.048158
0.011135
0.021732
0.010555
0.017939
0.005988
0.023345
0.069390
0.039581
0.026111
0.005326
0.033796
0.124843
0.037017
0.012320
0.088342
0.097155
0.071273
0.062456
0.160822
0.103147
0.035444
0.026079
0.103091
0.055947
-nan
-nan
-nan
-nan
-nan
-nan
-nan
-nan
-nan
-nan
-nan
-nan
-nan
-nan
-nan
-nan
-nan
-nan
-nan
-nan
-nan
-nan
-nan
-nan
-nan
-nan
-nan
-nan
-nan
1.158826
0.326753
0.252451
0.130240
0.137416
0.089520
12.565769
2.278836
1.714904
15.486741
1.808085
0.995330
0.575428
0.539993
0.567187
0.476231
0.504266
0.502653
0.461755
0.499421
0.493562
0.511527
0.501166
1.144347
0.354899
0.179533
0.159295
0.118238
0.072245
0.056283
0.081766
0.035208
0.036730
0.032120
0.054397
0.069861
0.051419
-nan
-nan
-nan
-nan
-nan
-nan
1.245494
0.297304
0.316035
0.062040
0.095783
0.063362
-nan
-nan
-nan
-nan
-nan
-nan
3.727233
0.154510
0.133867
0.220699
0.081679
0.119102
0.005263
0.004562
0.065308
0.011320
0.007345
0.016665
0.066879
0.058329
0.012638
0.005228
0.002054
0.002456
0.009064
0.021828
0.005683
0.005217
0.007177
0.004591
0.016081
0.003356
0.009284
0.035176
0.006062
0.003137
0.002550
0.004820
0.003605
0.002071
0.052078
0.052877
0.000806
0.102588
0.003922
0.010359
0.005484
0.004207
0.002547
0.002891
0.002794
0.004780
0.004037
0.002824
0.002733
0.002243
0.002806
0.027752
0.006185
0.005423
0.020905
0.008395
0.002041
0.005791
0.002139
0.001882
0.001481
0.001041
0.002129
0.005135
0.037057
0.023188
0.002362
0.005022
0.002309
0.002989
0.021516
0.035506
0.003288
0.005679
0.001463
0.004045
0.053697
0.006551
0.002206
0.008644
2.256570
0.741922
0.443335
0.539311
0.469463
0.290203
0.190006
0.303449
0.279340
0.162385
0.151061
0.323393
13.251306
1.017048
0.989895
1.001179
0.978465
0.997332
0.998732
1.002019
1.001953
1.000384
1.000375
0.901071
1.001219
1.000162
0.998474
0.913281
0.999640
1.001557
1.001034
1.000426
0.902755
0.996916
1.001017
1.001240
0.949808
0.951343
0.903716
0.904499
0.950813
0.900587
0.969024
0.805896
1.000692
0.903416
0.905478
1.000913
0.957268
1.001212
0.907854
0.982153
0.986319
1.000992
1.004666
0.951870
0.929331
1.003327
0.951922
0.999948
0.953991
0.901442
0.951922
0.907513
0.902438
0.851148
0.855581
0.497179
2.093932
0.670970
0.447634
0.488889
0.361932
0.402794
0.265296
0.364304
0.246197
0.239610
0.157126
0.225918
0.112519
0.148024
0.122015
0.152465
0.092945
0.118159
0.197915
0.090206
0.078686
0.038330
0.156544
0.070563
0.072646
0.033906
0.158392
0.116538
0.062164
0.126946
0.089575
0.015095
0.049961
0.005552
0.012948
0.019586
0.010602
0.052684
0.011439
0.003713
0.005309
0.008013
0.007567
0.009401
0.004552
0.010331
0.005496
0.004741
0.003275
0.005077
0.023362
0.008231
0.006024
0.051363
0.004165
0.029898
0.018314
0.003621
0.021188
0.002056
0.002228
0.009361
0.003605
0.004166
0.004359
0.005763
0.011771
0.004828
0.005286
0.000674
0.002751
0.011715
0.002056
0.004332
0.000294
0.002883
0.000291
0.002560
0.000611
0.000348
0.005449
0.003612
0.010040
0.010009
0.003821
0.000522
0.007146
0.000324
0.001313
0.006413
0.000239
0.002094
0.002682
0.001069
0.001232
0.003587
0.005492
0.000891
0.000900
0.003301
0.000942
0.000886
0.000984
0.004491
0.011359
0.002928
0.001563
0.003014
0.561075
0.093154
0.001023
0.259897
0.003410
0.054653
0.000154
0.000250
0.069738
0.002286
0.014491
0.004151
0.086314
0.046759
0.004888
0.008967
0.048061
0.023273
0.000042
0.134870
0.479929
0.006931
0.082401
0.002337
0.000548
0.005645
0.129792
0.125240
0.641746
0.088324
0.084064
0.000449
0.002000
0.000226
0.000429
0.001093
0.090451
0.001720
0.075320
0.001401
0.151393
0.000020
0.000537
0.023830
0.097360
0.072419
0.083718
0.079374
0.012788
0.001166
0.000287
0.000290
0.113808
0.016487
0.000122
0.028787
0.548702
0.008093
0.010435
0.005244
0.003048
0.000021
0.027356
0.000981
0.000239
0.015782
0.048873
0.000143
0.001733
0.003236
0.000169
0.000631
0.000033
0.006603
0.000358
0.011957
0.006624
0.065081
0.018224
0.006683
0.052127
0.000920
0.000259
0.015821
0.004462
0.212045
0.010282
0.000515
0.080563
0.000011
0.000105
0.000384
0.000561
0.000004
0.001772
0.059264
0.011750
0.000091
0.004542
0.000115
0.000130
0.000759
0.000013
0.000729
0.000079
0.004265
0.000261
0.000439
0.000228
0.000228
0.001406
0.011693
0.000003
0.000548
0.006380
0.015695
0.001297
0.000354
0.000762
0.063054
0.000563
0.011390
0.002811
0.005076
0.306278
0.000058
0.004156
0.020777
0.000705
0.000251
0.000680
0.000140
0.009051
0.004822
0.471874
0.000148
0.000036
0.000646
0.001684
0.000695
0.006117
0.000015
0.012361
0.000034
0.002521
0.000078
0.012473
0.028716
0.292196
0.021624
0.001615
0.000009
0.011399
0.051690
0.002716
0.000585
0.044896
0.007181
0.052025
0.000117
0.000007
0.000417
0.004665
0.003331
0.000312
0.011656
0.000781
0.000011
0.002172
0.000087
0.200444
0.000351
0.000364
0.000163
0.000008
0.008018
0.002800
0.017524
0.020390
0.000041
0.785442
0.000038
0.001124
0.000953
0.002402
0.016367
0.007225
0.000677
0.000005
0.000040
0.000042
0.047318
0.026331
0.000028
0.004635
0.062853
0.000007
0.004905
0.016252
0.000046
0.022092
0.025504
0.056177
0.105381
0.000324
0.000198
0.000005
0.000285
0.008747
0.003512
0.005141
0.000023
0.002022
0.034771
0.003600
0.000311
0.007916
0.000564
0.009974
0.002266
0.001957
0.002997
0.000443
0.000006
0.014122
0.001089
0.000051
0.015889
0.000008
0.004026
0.002966
0.005203
0.000142
0.000005
0.019571
0.004775
0.002593
0.025120
0.003046
0.002126
0.011549
0.000386
0.000034
0.009005
0.000036
0.007146
0.000214
0.000601
0.022146
0.030413
0.000006
0.000580
0.000164
0.001201
0.000030
0.012279
0.000143
0.000136
0.034813
0.014281
0.000042
0.000034
0.000045
0.000106
0.000601
0.002507
0.023073
0.005140
0.048084
0.026999
0.000048
0.001946
0.008929
0.013504
0.000105
0.000058
0.027316
0.000220
0.000490
0.008656
0.000007
0.000302
0.001164
0.001156
0.003514
0.000274
0.000404
0.001017
0.000055
0.015395
0.002594
0.019716
0.002760
0.003019
0.000588
0.464990
0.034036
0.000051
0.004961
0.000036
0.014242
0.001534
0.002114
0.000104
0.006922
0.000412
0.030302
0.043498
0.015934
0.001011
0.000033
0.020594
0.002168
0.051463
0.000226
0.005241
0.000003
0.000117
0.003916
